afraid 0.125 0.17763157894736842 0.05921052631578947 0.05263157894736842 0.039473684210526314 0.02631578947368421 0.3157894736842105 0.019736842105263157 0.18421052631578946 0.04893900569125509
angry 0.12352941176470589 0.21764705882352942 0.06470588235294118 0.052941176470588235 0.041176470588235294 0.029411764705882353 0.32941176470588235 0.011764705882352941 0.12941176470588237 0.07136221660807023
annoyed 0.10215053763440861 0.1774193548387097 0.04838709677419355 0.03763440860215054 0.053763440860215055 0.08602150537634409 0.3602150537634409 0.005376344086021506 0.12903225806451613 0.07568876855488502
anticipating 0.032467532467532464 0.2012987012987013 0.16233766233766234 0.025974025974025976 0.006493506493506494 0.03896103896103896 0.35064935064935066 0.07142857142857142 0.11038961038961038 0.11117350804780925
anxious 0.08176100628930817 0.13836477987421383 0.18867924528301888 0.006289308176100629 0.031446540880503145 0.018867924528301886 0.36477987421383645 0.031446540880503145 0.13836477987421383 0.31137584531998064
apprehensive 0.0958904109589041 0.1917808219178082 0.0684931506849315 0.02054794520547945 0.04794520547945205 0.0136986301369863 0.3424657534246575 0.04794520547945205 0.17123287671232876 0.11048873320713493
ashamed 0.0948905109489051 0.145985401459854 0.0948905109489051 0.08029197080291971 0.021897810218978103 0.043795620437956206 0.31386861313868614 0.043795620437956206 0.16058394160583941 0.0805390848258842
caring 0.09146341463414634 0.22560975609756098 0.1524390243902439 0.06097560975609756 0.006097560975609756 0.06707317073170732 0.29878048780487804 0.018292682926829267 0.07926829268292683 0.19287904445077553
confident 0.04487179487179487 0.23717948717948717 0.16025641025641027 0.019230769230769232 0.00641025641025641 0.03205128205128205 0.28846153846153844 0.08333333333333333 0.1282051282051282 0.042800707770620366
content 0.1111111111111111 0.2654320987654321 0.08024691358024691 0.012345679012345678 0.012345679012345678 0.037037037037037035 0.30864197530864196 0.043209876543209874 0.12962962962962962 0.0299203069745509
devastated 0.03571428571428571 0.12142857142857143 0.08571428571428572 0.12142857142857143 0.2357142857142857 0.02857142857142857 0.2357142857142857 0.03571428571428571 0.1 0.09081522679646267
disappointed 0.10303030303030303 0.16363636363636364 0.07878787878787878 0.04242424242424243 0.048484848484848485 0.024242424242424242 0.37575757575757573 0.012121212121212121 0.15151515151515152 0.09345784515971524
disgusted 0.13636363636363635 0.19886363636363635 0.07386363636363637 0.056818181818181816 0.056818181818181816 0.05113636363636364 0.2897727272727273 0.011363636363636364 0.125 0.08248979839070222
embarrassed 0.07926829268292683 0.14634146341463414 0.036585365853658534 0.06707317073170732 0.04878048780487805 0.018292682926829267 0.3719512195121951 0.024390243902439025 0.2073170731707317 0.01890008756536966
excited 0.03763440860215054 0.25806451612903225 0.13440860215053763 0.016129032258064516 0.010752688172043012 0.03225806451612903 0.3548387096774194 0.04838709677419355 0.10752688172043011 0.020060127876224042
faithful 0.11650485436893204 0.20388349514563106 0.04854368932038835 0.05825242718446602 0.019417475728155338 0.04854368932038835 0.2524271844660194 0.08737864077669903 0.1650485436893204 0.08343943587893723
furious 0.09219858156028368 0.16312056737588654 0.09219858156028368 0.0851063829787234 0.07801418439716312 0.05673758865248227 0.3333333333333333 0.028368794326241134 0.07092198581560284 0.1665282356499984
grateful 0.10837438423645321 0.33004926108374383 0.07881773399014778 0.024630541871921183 0.0049261083743842365 0.034482758620689655 0.26108374384236455 0.06896551724137931 0.08866995073891626 0.022693280155559818
guilty 0.08759124087591241 0.15328467153284672 0.06569343065693431 0.058394160583941604 0.043795620437956206 0.058394160583941604 0.3284671532846715 0.0072992700729927005 0.19708029197080293 0.09930880352151802
hopeful 0.03592814371257485 0.20359281437125748 0.16766467065868262 0.03592814371257485 0.023952095808383235 0.005988023952095809 0.3413173652694611 0.08383233532934131 0.10179640718562874 0.1093378332599014
impressed 0.06666666666666667 0.30303030303030304 0.06666666666666667 0.030303030303030304 0.01818181818181818 0.03636363636363636 0.32727272727272727 0.048484848484848485 0.10303030303030303 0.03399661200320508
jealous 0.11834319526627218 0.1834319526627219 0.0650887573964497 0.0650887573964497 0.023668639053254437 0.08284023668639054 0.33727810650887574 0.029585798816568046 0.09467455621301775 0.03925166960523543
joyful 0.05917159763313609 0.22485207100591717 0.10059171597633136 0.047337278106508875 0.011834319526627219 0.005917159763313609 0.3727810650887574 0.08284023668639054 0.09467455621301775 0.05901616763613299
lonely 0.09937888198757763 0.14906832298136646 0.08074534161490683 0.08695652173913043 0.08695652173913043 0.055900621118012424 0.2981366459627329 0.031055900621118012 0.11180124223602485 0.0471819518786226
nostalgic 0.1069182389937107 0.31446540880503143 0.050314465408805034 0.050314465408805034 0.0 0.025157232704402517 0.25157232704402516 0.018867924528301886 0.18238993710691823 0.39915766607900505
prepared 0.050955414012738856 0.24203821656050956 0.1464968152866242 0.012738853503184714 0.006369426751592357 0.006369426751592357 0.3630573248407643 0.05732484076433121 0.11464968152866242 0.11601257477273509
proud 0.05 0.29 0.125 0.02 0.02 0.025 0.285 0.1 0.085 0.09416936649785389
sad 0.1340782122905028 0.16759776536312848 0.061452513966480445 0.07262569832402235 0.16201117318435754 0.027932960893854747 0.24581005586592178 0.0223463687150838 0.10614525139664804 0.0251460625446215
sentimental 0.15343915343915343 0.15343915343915343 0.06878306878306878 0.0582010582010582 0.06349206349206349 0.037037037037037035 0.2962962962962963 0.015873015873015872 0.15343915343915343 0.04215621591578196
surprised 0.05639097744360902 0.31954887218045114 0.07142857142857142 0.06390977443609022 0.022556390977443608 0.022556390977443608 0.3233082706766917 0.03383458646616541 0.08646616541353383 0.03028176131447171
terrified 0.08391608391608392 0.22377622377622378 0.04895104895104895 0.04195804195804196 0.04895104895104895 0.06293706293706294 0.3916083916083916 0.013986013986013986 0.08391608391608392 0.0453966534160802
trusting 0.08955223880597014 0.23880597014925373 0.1044776119402985 0.029850746268656716 0.029850746268656716 0.029850746268656716 0.26119402985074625 0.03731343283582089 0.1791044776119403 0.07503904448543525
