afraid 0.05263157894736842 0.19736842105263158 0.05921052631578947 0.07236842105263158 0.046052631578947366 0.0 0.40131578947368424 0.013157894736842105 0.15789473684210525 0.7913258088843983
angry 0.07647058823529412 0.16470588235294117 0.047058823529411764 0.09411764705882353 0.06470588235294118 0.052941176470588235 0.35294117647058826 0.01764705882352941 0.12941176470588237 0.017023842843294244
annoyed 0.16129032258064516 0.22043010752688172 0.043010752688172046 0.0913978494623656 0.026881720430107527 0.06451612903225806 0.2903225806451613 0.0 0.10215053763440861 0.2530082356751946
anticipating 0.11688311688311688 0.2727272727272727 0.12987012987012986 0.006493506493506494 0.01948051948051948 0.01948051948051948 0.35714285714285715 0.025974025974025976 0.05194805194805195 0.15130594463267377
anxious 0.06289308176100629 0.13836477987421383 0.13836477987421383 0.025157232704402517 0.031446540880503145 0.025157232704402517 0.389937106918239 0.05660377358490566 0.1320754716981132 0.13493286395735749
apprehensive 0.08904109589041095 0.2191780821917808 0.07534246575342465 0.0684931506849315 0.02054794520547945 0.0410958904109589 0.3424657534246575 0.02054794520547945 0.1232876712328767 0.11742315197288863
ashamed 0.12408759124087591 0.10218978102189781 0.08029197080291971 0.058394160583941604 0.06569343065693431 0.0948905109489051 0.3357664233576642 0.021897810218978103 0.11678832116788321 0.044671064100621286
caring 0.11585365853658537 0.2926829268292683 0.09146341463414634 0.024390243902439025 0.04878048780487805 0.018292682926829267 0.2926829268292683 0.024390243902439025 0.09146341463414634 0.11689306387385769
confident 0.07692307692307693 0.2948717948717949 0.1282051282051282 0.01282051282051282 0.02564102564102564 0.01282051282051282 0.30128205128205127 0.057692307692307696 0.08974358974358974 0.05198467386555338
content 0.09259259259259259 0.345679012345679 0.043209876543209874 0.018518518518518517 0.006172839506172839 0.024691358024691357 0.3271604938271605 0.030864197530864196 0.1111111111111111 0.01145884717480282
devastated 0.08571428571428572 0.22142857142857142 0.07857142857142857 0.09285714285714286 0.19285714285714287 0.02142857142857143 0.21428571428571427 0.02142857142857143 0.07142857142857142 0.07286138967139615
disappointed 0.09696969696969697 0.18181818181818182 0.07878787878787878 0.04242424242424243 0.07272727272727272 0.04242424242424243 0.3696969696969697 0.006060606060606061 0.10909090909090909 0.09876928291699763
disgusted 0.10227272727272728 0.22727272727272727 0.03977272727272727 0.09090909090909091 0.017045454545454544 0.028409090909090908 0.32954545454545453 0.03977272727272727 0.125 0.10146958017817868
embarrassed 0.13414634146341464 0.16463414634146342 0.042682926829268296 0.06097560975609756 0.06707317073170732 0.03048780487804878 0.34146341463414637 0.012195121951219513 0.14634146341463414 0.025925223684867223
excited 0.06451612903225806 0.26881720430107525 0.10215053763440861 0.005376344086021506 0.005376344086021506 0.016129032258064516 0.3655913978494624 0.07526881720430108 0.0967741935483871 0.02489598033248854
faithful 0.08737864077669903 0.1941747572815534 0.10679611650485436 0.04854368932038835 0.038834951456310676 0.038834951456310676 0.2621359223300971 0.04854368932038835 0.17475728155339806 0.08438334620592199
furious 0.09929078014184398 0.2553191489361702 0.0425531914893617 0.06382978723404255 0.05673758865248227 0.06382978723404255 0.3333333333333333 0.0070921985815602835 0.07801418439716312 0.10470471147005869
grateful 0.11330049261083744 0.27586206896551724 0.09852216748768473 0.024630541871921183 0.009852216748768473 0.034482758620689655 0.2955665024630542 0.04433497536945813 0.10344827586206896 0.01906300663364388
guilty 0.10218978102189781 0.20437956204379562 0.08759124087591241 0.051094890510948905 0.051094890510948905 0.051094890510948905 0.32116788321167883 0.043795620437956206 0.08759124087591241 0.1033917578015948
hopeful 0.10778443113772455 0.23353293413173654 0.1437125748502994 0.005988023952095809 0.017964071856287425 0.017964071856287425 0.32934131736526945 0.04790419161676647 0.09580838323353294 0.18237114725850942
impressed 0.07878787878787878 0.3333333333333333 0.04242424242424243 0.006060606060606061 0.01818181818181818 0.04242424242424243 0.3696969696969697 0.04242424242424243 0.06666666666666667 0.09905500238922449
jealous 0.10650887573964497 0.1893491124260355 0.0650887573964497 0.07692307692307693 0.03550295857988166 0.08875739644970414 0.31952662721893493 0.023668639053254437 0.09467455621301775 0.028959228318531552
joyful 0.05917159763313609 0.2781065088757396 0.08875739644970414 0.03550295857988166 0.03550295857988166 0.01775147928994083 0.3727810650887574 0.05917159763313609 0.05325443786982249 0.10153022570553949
lonely 0.17391304347826086 0.18012422360248448 0.062111801242236024 0.049689440993788817 0.08074534161490683 0.055900621118012424 0.3167701863354037 0.018633540372670808 0.062111801242236024 0.095496594397667
nostalgic 0.06918238993710692 0.2830188679245283 0.07547169811320754 0.0440251572327044 0.0 0.025157232704402517 0.36477987421383645 0.018867924528301886 0.11949685534591195 0.4182389454036902
prepared 0.06369426751592357 0.25477707006369427 0.10191082802547771 0.01910828025477707 0.03184713375796178 0.012738853503184714 0.3885350318471338 0.06369426751592357 0.06369426751592357 0.11659773214729352
proud 0.055 0.325 0.105 0.01 0.02 0.015 0.33 0.065 0.075 0.117323507506114
sad 0.16201117318435754 0.1452513966480447 0.0670391061452514 0.0782122905027933 0.15083798882681565 0.0446927374301676 0.24022346368715083 0.01675977653631285 0.09497206703910614 0.04297157189787353
sentimental 0.10582010582010581 0.2751322751322751 0.06349206349206349 0.05291005291005291 0.06878306878306878 0.026455026455026454 0.2804232804232804 0.042328042328042326 0.08465608465608465 0.03216273256211387
surprised 0.05263157894736842 0.3308270676691729 0.06766917293233082 0.045112781954887216 0.02631578947368421 0.022556390977443608 0.34962406015037595 0.03759398496240601 0.06766917293233082 0.031518030562414825
terrified 0.07692307692307693 0.2727272727272727 0.027972027972027972 0.04195804195804196 0.03496503496503497 0.027972027972027972 0.3706293706293706 0.02097902097902098 0.1258741258741259 0.030376790114363277
trusting 0.13432835820895522 0.2462686567164179 0.05970149253731343 0.05970149253731343 0.007462686567164179 0.05223880597014925 0.3208955223880597 0.014925373134328358 0.1044776119402985 0.014785187136739533
