afraid 0.08552631578947369 0.20394736842105263 0.013157894736842105 0.07894736842105263 0.02631578947368421 0.039473684210526314 0.34210526315789475 0.013157894736842105 0.19736842105263158
angry 0.08235294117647059 0.14705882352941177 0.029411764705882353 0.09411764705882353 0.041176470588235294 0.07058823529411765 0.36470588235294116 0.011764705882352941 0.1588235294117647
annoyed 0.12903225806451613 0.15591397849462366 0.03225806451612903 0.08602150537634409 0.03763440860215054 0.043010752688172046 0.2956989247311828 0.010752688172043012 0.20967741935483872
anticipating 0.1038961038961039 0.11688311688311688 0.11688311688311688 0.045454545454545456 0.006493506493506494 0.012987012987012988 0.44805194805194803 0.05194805194805195 0.09740259740259741
anxious 0.09433962264150944 0.11320754716981132 0.0440251572327044 0.09433962264150944 0.05660377358490566 0.0440251572327044 0.36477987421383645 0.0880503144654088 0.10062893081761007
apprehensive 0.08904109589041095 0.0958904109589041 0.04794520547945205 0.07534246575342465 0.03424657534246575 0.00684931506849315 0.4726027397260274 0.0547945205479452 0.1232876712328767
ashamed 0.10218978102189781 0.08759124087591241 0.029197080291970802 0.06569343065693431 0.043795620437956206 0.08759124087591241 0.38686131386861317 0.0364963503649635 0.16058394160583941
caring 0.0975609756097561 0.24390243902439024 0.042682926829268296 0.10975609756097561 0.04878048780487805 0.006097560975609756 0.29878048780487804 0.018292682926829267 0.13414634146341464
confident 0.05128205128205128 0.21794871794871795 0.10897435897435898 0.03205128205128205 0.01282051282051282 0.01282051282051282 0.3717948717948718 0.05128205128205128 0.14102564102564102
content 0.07407407407407407 0.3271604938271605 0.06172839506172839 0.012345679012345678 0.006172839506172839 0.018518518518518517 0.3395061728395062 0.024691358024691357 0.13580246913580246
devastated 0.10714285714285714 0.14285714285714285 0.02142857142857143 0.10714285714285714 0.2357142857142857 0.02142857142857143 0.20714285714285716 0.02857142857142857 0.12857142857142856
disappointed 0.10303030303030303 0.11515151515151516 0.030303030303030304 0.08484848484848485 0.06060606060606061 0.07878787878787878 0.32727272727272727 0.024242424242424242 0.17575757575757575
disgusted 0.13636363636363635 0.17613636363636365 0.011363636363636364 0.05113636363636364 0.045454545454545456 0.028409090909090908 0.3977272727272727 0.0 0.1534090909090909
embarrassed 0.07926829268292683 0.17682926829268292 0.042682926829268296 0.054878048780487805 0.04878048780487805 0.042682926829268296 0.3475609756097561 0.018292682926829267 0.18902439024390244
excited 0.043010752688172046 0.24731182795698925 0.12903225806451613 0.016129032258064516 0.010752688172043012 0.005376344086021506 0.3817204301075269 0.05913978494623656 0.10752688172043011
faithful 0.08737864077669903 0.27184466019417475 0.038834951456310676 0.04854368932038835 0.019417475728155338 0.009708737864077669 0.34951456310679613 0.02912621359223301 0.14563106796116504
furious 0.09929078014184398 0.19858156028368795 0.014184397163120567 0.05673758865248227 0.06382978723404255 0.028368794326241134 0.3262411347517731 0.0070921985815602835 0.20567375886524822
grateful 0.10344827586206896 0.3054187192118227 0.059113300492610835 0.024630541871921183 0.019704433497536946 0.024630541871921183 0.3054187192118227 0.059113300492610835 0.09852216748768473
guilty 0.10948905109489052 0.145985401459854 0.021897810218978103 0.06569343065693431 0.021897810218978103 0.021897810218978103 0.40875912408759124 0.043795620437956206 0.16058394160583941
hopeful 0.10179640718562874 0.17964071856287425 0.11377245508982035 0.08982035928143713 0.005988023952095809 0.017964071856287425 0.30538922155688625 0.05389221556886228 0.1317365269461078
impressed 0.05454545454545454 0.2909090909090909 0.05454545454545454 0.03636363636363636 0.0 0.04242424242424243 0.34545454545454546 0.030303030303030304 0.14545454545454545
jealous 0.1301775147928994 0.20118343195266272 0.0650887573964497 0.08284023668639054 0.047337278106508875 0.047337278106508875 0.27218934911242604 0.01775147928994083 0.13609467455621302
joyful 0.08284023668639054 0.27218934911242604 0.04142011834319527 0.01775147928994083 0.005917159763313609 0.011834319526627219 0.3431952662721893 0.08284023668639054 0.14201183431952663
lonely 0.15527950310559005 0.13664596273291926 0.049689440993788817 0.09316770186335403 0.11180124223602485 0.062111801242236024 0.21739130434782608 0.018633540372670808 0.15527950310559005
nostalgic 0.15723270440251572 0.20125786163522014 0.06918238993710692 0.018867924528301886 0.018867924528301886 0.025157232704402517 0.31446540880503143 0.025157232704402517 0.16981132075471697
prepared 0.09554140127388536 0.1464968152866242 0.10191082802547771 0.05732484076433121 0.006369426751592357 0.03184713375796178 0.3821656050955414 0.044585987261146494 0.1337579617834395
proud 0.09 0.35 0.055 0.04 0.0 0.005 0.23 0.12 0.11
sad 0.11731843575418995 0.1340782122905028 0.05027932960893855 0.0446927374301676 0.20670391061452514 0.027932960893854747 0.2569832402234637 0.01675977653631285 0.1452513966480447
sentimental 0.10582010582010581 0.2275132275132275 0.047619047619047616 0.06349206349206349 0.10052910052910052 0.026455026455026454 0.291005291005291 0.015873015873015872 0.12169312169312169
surprised 0.05263157894736842 0.3233082706766917 0.045112781954887216 0.03007518796992481 0.011278195488721804 0.03759398496240601 0.34962406015037595 0.03383458646616541 0.11654135338345864
terrified 0.08391608391608392 0.23776223776223776 0.027972027972027972 0.03496503496503497 0.027972027972027972 0.04195804195804196 0.40559440559440557 0.0 0.13986013986013987
trusting 0.13432835820895522 0.21641791044776118 0.05223880597014925 0.06716417910447761 0.014925373134328358 0.029850746268656716 0.34328358208955223 0.022388059701492536 0.11940298507462686
