afraid 0.08708938120702826 0.16424751718869365 0.024446142093200916 0.07257448433919023 0.03361344537815126 0.03666921313980138 0.41940412528647825 0.01833460656990069 0.1436210847975554
angry 0.1 0.16293706293706295 0.023776223776223775 0.07132867132867132 0.06573426573426573 0.043356643356643354 0.3993006993006993 0.013286713286713287 0.12027972027972028
annoyed 0.10487982520029134 0.16678805535324107 0.01820830298616169 0.09395484340859432 0.04734158776402039 0.0764748725418791 0.36489439184268024 0.010196649672250545 0.11726147123088128
anticipating 0.08207171314741035 0.20318725099601595 0.09163346613545817 0.04063745019920319 0.010358565737051793 0.019123505976095617 0.401593625498008 0.05816733067729084 0.09322709163346614
anxious 0.08932806324110672 0.13517786561264822 0.06719367588932806 0.08774703557312254 0.030039525691699605 0.026877470355731226 0.38735177865612647 0.05375494071146245 0.1225296442687747
apprehensive 0.12149532710280374 0.13499480789200416 0.03946002076843198 0.07892004153686397 0.02284527518172378 0.06542056074766354 0.35514018691588783 0.0446521287642783 0.13707165109034267
ashamed 0.11730769230769231 0.12403846153846154 0.026923076923076925 0.08365384615384615 0.05 0.03942307692307692 0.3942307692307692 0.020192307692307693 0.14423076923076922
caring 0.0779816513761468 0.26880733944954127 0.06880733944954129 0.04954128440366973 0.044954128440366975 0.01651376146788991 0.3256880733944954 0.03211009174311927 0.11559633027522936
confident 0.07137254901960784 0.2196078431372549 0.08235294117647059 0.04470588235294118 0.00784313725490196 0.03137254901960784 0.36705882352941177 0.09803921568627451 0.07764705882352942
content 0.11399832355406538 0.2942162615255658 0.04945515507124895 0.03520536462699078 0.0075440067057837385 0.020955574182732608 0.316848281642917 0.05951383067896061 0.10226320201173512
devastated 0.08833619210977701 0.10891938250428816 0.029159519725557463 0.11320754716981132 0.22298456260720412 0.026586620926243566 0.2933104631217839 0.015437392795883362 0.10205831903945112
disappointed 0.09068627450980392 0.14133986928104575 0.028594771241830064 0.0923202614379085 0.0915032679738562 0.06699346405228758 0.3553921568627451 0.0196078431372549 0.11356209150326797
disgusted 0.12697160883280756 0.2137223974763407 0.02917981072555205 0.07255520504731862 0.031545741324921134 0.03470031545741325 0.34069400630914826 0.014195583596214511 0.13643533123028392
embarrassed 0.07410636442894507 0.14385353095030515 0.026155187445510025 0.09154315605928509 0.05579773321708806 0.03312990409764603 0.3653007846556234 0.01918047079337402 0.1909328683522232
excited 0.0712896953985742 0.21970187945560596 0.09721322099805574 0.023979261179520414 0.004536616979909268 0.012313674659753726 0.4199611147116008 0.049902786779001944 0.10110174983797797
faithful 0.1265984654731458 0.21994884910485935 0.06010230179028133 0.03324808184143223 0.01918158567774936 0.024296675191815855 0.29028132992327366 0.07161125319693094 0.1547314578005115
furious 0.09467918622848201 0.14241001564945227 0.018779342723004695 0.09859154929577464 0.06651017214397496 0.051643192488262914 0.4029733959311424 0.00782472613458529 0.11658841940532082
grateful 0.09097801364670205 0.3214556482183472 0.043214556482183475 0.037149355572403335 0.01819560272934041 0.019711902956785442 0.3100833965125095 0.04473085670962851 0.11448066717210008
guilty 0.09497645211930926 0.13814756671899528 0.025902668759811617 0.08869701726844584 0.0282574568288854 0.06907378335949764 0.4073783359497645 0.02040816326530612 0.1271585557299843
hopeful 0.0859621451104101 0.16167192429022081 0.12460567823343849 0.05362776025236593 0.01025236593059937 0.022082018927444796 0.3698738170347003 0.08201892744479496 0.08990536277602523
impressed 0.07266982622432859 0.30726698262243285 0.04265402843601896 0.02132701421800948 0.008688783570300158 0.02448657187993681 0.3696682464454976 0.03475513428120063 0.11848341232227488
jealous 0.11986863711001643 0.19293924466338258 0.027914614121510674 0.06896551724137931 0.041050903119868636 0.07717569786535304 0.33004926108374383 0.020525451559934318 0.12151067323481117
joyful 0.07524271844660194 0.2766990291262136 0.06796116504854369 0.020226537216828478 0.0056634304207119745 0.015372168284789644 0.38106796116504854 0.06310679611650485 0.09466019417475728
lonely 0.10242792109256449 0.1433990895295903 0.027314112291350532 0.07132018209408195 0.09484066767830046 0.07890743550834597 0.3520485584218513 0.012139605462822459 0.11760242792109256
nostalgic 0.12135922330097088 0.22896440129449838 0.02750809061488673 0.03964401294498382 0.022653721682847898 0.02912621359223301 0.32524271844660196 0.025889967637540454 0.1796116504854369
prepared 0.07184145334434351 0.22708505367464904 0.07597027250206441 0.033856317093311314 0.00990916597853014 0.016515276630883566 0.3872832369942196 0.07101568951279934 0.10652353426919901
proud 0.06476868327402135 0.3274021352313167 0.06832740213523132 0.02704626334519573 0.0071174377224199285 0.022775800711743774 0.3167259786476868 0.07473309608540925 0.0911032028469751
sad 0.10319767441860465 0.1184593023255814 0.030523255813953487 0.09229651162790697 0.19404069767441862 0.03997093023255814 0.29069767441860467 0.01744186046511628 0.11337209302325581
sentimental 0.12110091743119267 0.21009174311926607 0.030275229357798167 0.046788990825688076 0.044036697247706424 0.03302752293577982 0.3477064220183486 0.026605504587155965 0.14036697247706423
surprised 0.07194944093339815 0.25133689839572193 0.056878949927078266 0.02916869227029655 0.014584346135148274 0.01798736023334954 0.41759844433641224 0.04326689353427322 0.09722897423432182
terrified 0.08648648648648649 0.1837837837837838 0.03088803088803089 0.06409266409266409 0.039382239382239385 0.03783783783783784 0.41312741312741313 0.014671814671814672 0.12972972972972974
trusting 0.10239852398523985 0.23431734317343172 0.06088560885608856 0.06273062730627306 0.02859778597785978 0.023062730627306273 0.33948339483394835 0.033210332103321034 0.11531365313653137
